runs = [0, 6.4558, 11.19, 14.668, 17.221, 19.09, 20.458, 21.457, 22.187, 22.721, 23.113, 23.401, 23.614, 23.771, 23.888, 23.975, 24.04, 24.088, 24.124, 24.152, 24.172]
costs = [[0, 0.036392796161545594, 0.186825192373586, 0.3938521417857438, 0.6196008613563472, 0.9343825165961518, 1.2786913632967087, 1.6755833267847824, 2.264967128359621, 2.8852471827598873, 3.65192430077757, 4.548815884842339, 5.498284626722241, 6.490923145035009, 7.658561485073951, 8.971828164207935, 10.530570938567202, 12.23181113302504, 13.989509882919632, 15.978999113975375, 18.107922385100363], [0, 0.10461475788131301, 0.25940061435658174, 0.573964978014105, 1.0984470293143578, 1.672156180385028, 2.2586511186692144, 3.075528575693375, 3.957992640565575, 5.011191775406543, 6.261880026359735, 7.5350899526732125, 9.05692517829273, 10.75643481221881, 12.572195475667451, 14.439312310261965, 16.3793583121406, 18.365902694643573, 20.408261800408233, 22.4634871924975, 24.55094394916858], [0.0, -0.7166106198801979, -0.9196904592353143, -0.9772411290249897, -0.9935503776621653, -0.9981722455236742, -0.9994820337919428, -0.9998532138773757, -0.9999584023716993, -0.9999882116739014, -0.9999966593135743, -0.9999990532849447, -0.9999997317110073, -0.9999999239697487, -0.9999999784538343, -0.9999999938940455, -0.9999999982696374, -0.9999999995096336, -0.9999999998610354, -0.999999999960619, -0.9999999999888398], [0.0, 0.38589973057891, 0.77179946115782, 1.15769919173673, 1.54359892231564, 1.9294986528945501, 2.31539838347346, 2.70129811405237, 3.08719784463128, 3.4730975752101902, 3.8589973057891003, 4.244897036368011, 4.63079676694692, 5.01669649752583, 5.40259622810474, 5.788495958683651, 6.17439568926256, 6.56029541984147, 6.9461951504203805, 7.332094880999291, 7.7179946115782005]]

